Latitud: 42.8243959, Longitud: -1.6670243
Latitud: 42.8244285, Longitud: -1.6670194
